total number of circles found: 112
each row contains: x, y ,radius
[[[ 891.5  691.5  120.6]
  [ 897.5  725.5  241.9]
  [ 878.5  621.5  267.2]
  [ 923.5  661.5  280.4]
  [ 660.5  529.5  254. ]
  [1008.5  497.5  268.3]
  [1049.5  492.5  226.5]
  [ 877.5  589.5  257.3]
  [ 909.5  633.5  268.3]
  [ 943.5  630.5  246.3]
  [ 931.5  721.5  227.6]
  [ 963.5  663.5  250.7]
  [1005.5  460.5  260.6]
  [ 867.5  717.5  262.8]
  [ 858.5  655.5  272.7]
  [1097.5  444.5  174.8]
  [1050.5  437.5  218.8]
  [ 565.5  602.5  259.5]
  [1006.5  530.5  268.3]
  [ 587.5  634.5  221. ]
  [ 902.5  755.5  213.3]
  [ 938.5  753.5  197.9]
  [ 834.5  734.5  251.8]
  [ 621.5  673.5  261.7]
  [1071.5  466.5  203.4]
  [ 972.5  506.5  248.5]
  [1128.5  459.5  211.1]
  [ 930.5  596.5  223.2]
  [ 878.5  555.5  230.9]
  [ 825.5  493.5  221. ]
  [1027.5  371.5  217.7]
  [ 969.5  712.5  212.1]
  [1003.5  580.5  267.2]
  [1101.5  479.5  181.4]
  [ 834.5  675.5  278.2]
  [ 962.5  364.5  206.7]
  [ 993.5  372.5  200.1]
  [ 532.5  675.5  195.7]
  [1133.5  427.5  208.9]
  [ 846.5  588.5  221. ]
  [1080.5  406.5  157.2]
  [ 933.5  690.5  193.5]
  [ 550.5  640.5  227.6]
  [ 910.5  571.5  211.1]
  [ 640.5  258.5  235.3]
  [ 987.5  736.5  182.5]
  [ 586.5  678.5  193.5]
  [ 946.5  403.5  196.8]
  [ 618.5  640.5  208.9]
  [ 998.5  700.5  200.1]
  [1045.5  340.5  199. ]
  [ 604.5  708.5  224.3]
  [ 812.5  541.5  177. ]
  [1166.5  457.5  248.5]
  [ 694.5  747.5  235.2]
  [1032.5  408.5  149.5]
  [ 920.5  490.5  161.6]
  [1090.5  371.5  161.6]
  [ 892.5  661.5  150.6]
  [ 968.5  592.5  196.8]
  [ 954.5  564.5  181.4]
  [1141.5  347.5  128.4]
  [ 820.5  702.5  218.8]
  [ 867.5  753.5  207.8]
  [ 674.5  315.5  197.9]
  [ 557.5  702.5  164.9]
  [1094.5  517.5  181.4]
  [ 713.5  294.5  161.5]
  [1060.5  382.5  134.1]
  [ 761.5  460.5  186.9]
  [ 920.5  451.5  125.3]
  [ 968.5  471.5  141.8]
  [1101.5  341.5  138.4]
  [ 689.5  386.5  149.5]
  [ 715.5  369.5  135.2]
  [1128.5  393.5  164.8]
  [ 974.5  322.5  167.1]
  [ 986.5  431.5  156.1]
  [ 690.5  241.5  136.2]
  [1019.5  734.5  161.6]
  [ 629.5  757.5  197.9]
  [ 652.5  650.5  148.4]
  [ 876.5  436.5  134.1]
  [ 846.5  554.5  167.1]
  [ 744.5  273.5  127.2]
  [1130.5  492.5  179.1]
  [ 967.5  785.5  154.9]
  [ 645.5  693.5  180.3]
  [1094.5  277.5  148.3]
  [ 778.5  486.5  113.1]
  [ 678.5  212.5  165.9]
  [ 534.5  614.5  123.1]
  [ 603.5  459.5  117.6]
  [ 670.5  616.5  118.7]
  [ 688.5  515.5  115.1]
  [ 931.5  799.5  161.5]
  [ 801.5  613.5  136.3]
  [ 650.5  728.5  107.5]
  [ 649.5  497.5  106.3]
  [1189.5  477.5  142.9]
  [ 676.5  700.5  133. ]
  [ 801.5  644.5  110.9]
  [ 723.5  338.5  109.9]
  [1155.5  379.5  103.3]
  [ 649.5  568.5  131.9]
  [ 847.5  621.5  106.6]
  [1160.5  488.5  117.6]
  [ 724.5  223.5  126.4]
  [1164.5  420.5  104.1]
  [1182.5  335.5  117.4]
  [1185.5  382.5  117.4]
  [ 728.5  185.5  124. ]]]