28 482
28 483
29 482
29 483
30 474
30 475
30 476
30 477
30 478
30 480
30 481
30 483
31 473
31 474
31 483
31 484
32 472
32 473
32 484
32 485
33 472
33 485
34 472
34 485
35 472
35 486
36 471
36 486
37 471
37 485
38 470
38 485
39 470
39 485
39 486
40 470
40 486
41 470
41 486
42 470
42 471
42 486
43 471
43 486
44 471
44 486
44 487
45 471
45 487
46 471
46 487
46 704
46 705
46 706
46 707
46 708
46 709
46 710
46 711
46 712
46 713
46 714
46 715
46 716
46 717
46 718
46 719
46 720
46 721
46 722
46 723
46 724
47 472
47 487
47 488
47 683
47 684
47 685
47 686
47 687
47 688
47 689
47 690
47 691
47 692
47 693
47 694
47 695
47 696
47 697
47 698
47 699
47 700
47 701
47 702
47 703
47 725
47 726
47 727
47 728
48 472
48 488
48 665
48 666
48 667
48 668
48 669
48 670
48 671
48 672
48 673
48 674
48 675
48 676
48 677
48 678
48 679
48 680
48 681
48 682
48 729
48 730
48 731
48 732
49 472
49 488
49 489
49 648
49 649
49 650
49 651
49 652
49 653
49 654
49 655
49 656
49 657
49 658
49 659
49 660
49 661
49 662
49 663
49 664
49 733
49 734
49 735
49 736
49 737
50 472
50 489
50 613
50 614
50 615
50 616
50 617
50 618
50 619
50 620
50 621
50 622
50 623
50 624
50 625
50 638
50 639
50 640
50 641
50 642
50 643
50 644
50 645
50 646
50 647
50 737
50 738
50 739
50 740
50 741
50 742
50 743
50 744
50 745
50 746
50 747
50 748
50 749
50 750
50 751
50 752
50 753
51 473
51 489
51 490
51 588
51 589
51 590
51 591
51 592
51 593
51 594
51 595
51 596
51 597
51 598
51 599
51 600
51 601
51 602
51 603
51 604
51 605
51 606
51 607
51 608
51 609
51 610
51 611
51 612
51 626
51 627
51 628
51 629
51 630
51 631
51 632
51 633
51 634
51 635
51 636
51 637
52 473
52 490
52 491
52 492
52 579
52 580
52 581
52 582
52 583
52 584
52 585
52 586
52 587
53 474
53 492
53 493
53 538
53 539
53 540
53 541
53 542
53 543
53 544
53 545
53 546
53 547
53 548
53 549
53 550
53 551
53 552
53 553
53 554
53 555
53 556
53 557
53 558
53 559
53 560
53 561
53 562
53 563
53 564
53 565
53 566
53 567
53 570
53 575
53 576
53 577
53 578
53 579
54 474
54 494
54 495
54 529
54 530
54 531
54 532
54 533
54 534
54 535
54 536
54 537
54 568
54 569
54 571
54 572
54 573
54 574
55 474
55 496
55 497
55 498
55 499
55 500
55 501
55 502
55 503
55 504
55 505
55 506
55 507
55 508
55 509
55 510
55 511
55 512
55 513
55 514
55 515
55 516
55 517
55 518
55 519
55 520
55 521
55 522
55 523
55 524
55 525
55 526
55 527
55 528
56 474
57 475
58 475
59 475
60 475
61 475
62 474
62 475
63 474
64 473
64 474
65 473
66 472
66 473
67 471
67 472
68 468
68 469
68 470
69 466
69 467
69 468
70 463
70 464
70 465
70 466
71 461
71 462
71 463
72 459
72 460
72 461
73 457
73 458
73 459
74 455
74 456
74 457
75 454
75 455
76 451
76 452
76 453
77 449
77 450
77 451
78 447
78 448
78 449
79 445
79 446
79 447
80 443
80 444
80 445
81 441
81 442
81 443
82 439
82 440
82 441
83 437
83 438
83 439
84 435
84 436
84 437
85 433
85 434
85 435
86 431
86 432
87 429
87 430
87 431
88 427
88 428
88 429
89 426
89 427
90 424
90 425
91 423
91 424
92 421
92 422
93 419
93 420
93 421
94 418
94 419
95 416
95 417
95 418
96 415
96 416
97 414
97 415
98 412
98 413
99 411
99 412
100 409
100 410
100 411
101 408
101 409
102 406
102 407
103 405
103 406
104 404
105 402
105 403
106 400
106 401
107 398
107 399
107 400
108 396
108 397
108 398
108 814
109 395
109 396
109 814
109 815
109 816
109 817
109 818
109 819
110 394
110 395
110 819
110 820
111 392
111 393
111 820
111 821
111 822
112 391
112 392
112 822
112 823
113 389
113 390
113 823
113 824
114 388
114 389
114 825
114 826
115 387
115 388
115 826
116 386
116 387
116 827
116 828
117 385
117 386
117 828
117 829
117 830
117 831
117 832
117 833
117 834
117 835
117 836
117 837
118 383
118 384
118 385
118 838
118 839
118 840
119 382
119 383
119 806
119 807
119 808
119 809
119 810
119 811
119 840
119 841
120 381
120 382
120 810
120 811
120 812
120 842
121 380
121 381
121 767
121 800
121 801
121 802
121 803
121 804
121 812
121 813
121 814
122 379
122 380
122 767
122 796
122 797
122 798
122 799
122 800
122 814
123 378
123 379
123 767
123 795
123 796
123 815
124 377
124 378
124 767
124 794
124 795
124 815
124 816
125 376
125 377
125 767
125 793
125 794
125 816
126 375
126 376
126 767
126 793
126 817
127 374
127 375
127 767
127 792
127 793
127 817
128 373
128 374
128 767
128 792
128 818
129 372
129 373
129 767
129 791
129 792
129 818
130 371
130 372
130 767
130 790
130 791
130 818
131 369
131 370
131 371
131 767
131 768
131 790
131 818
132 368
132 369
132 768
132 789
132 818
133 367
133 368
133 768
133 769
133 789
133 817
133 818
134 366
134 367
134 769
134 770
134 817
135 365
135 366
135 771
135 772
135 816
135 817
136 364
136 365
136 772
136 773
136 774
136 775
136 815
136 816
137 363
137 364
137 775
137 776
137 814
137 815
138 362
138 363
138 777
138 778
138 813
138 814
139 361
139 362
139 778
139 782
139 811
139 812
139 813
140 360
140 361
140 780
140 781
140 782
140 783
140 784
140 785
140 786
140 807
140 808
140 809
140 810
140 811
141 359
141 360
141 786
141 787
141 788
141 805
141 806
141 807
142 358
142 359
142 788
142 789
142 790
142 791
142 792
142 793
142 794
142 795
142 796
142 797
142 798
142 799
142 800
142 801
142 802
142 803
142 804
143 357
143 358
144 356
144 357
145 355
145 356
146 354
146 355
147 353
147 354
148 352
148 353
149 351
149 352
150 350
150 351
151 349
151 350
152 348
152 349
153 347
153 348
154 346
154 347
155 345
155 346
156 344
156 345
156 858
156 859
156 860
156 861
156 862
157 343
157 344
157 856
157 857
157 863
157 864
158 342
158 343
158 855
158 856
158 865
158 866
159 341
159 342
159 855
159 866
159 867
160 340
160 341
160 855
160 868
160 869
161 339
161 340
161 855
161 870
162 338
162 339
162 855
162 871
162 872
163 337
163 338
163 856
163 872
163 873
164 337
164 856
164 874
165 336
165 857
165 875
165 876
165 877
165 878
166 335
166 336
166 857
167 334
167 335
167 857
167 858
168 333
168 334
168 858
169 333
169 859
170 332
170 333
170 859
171 331
171 332
171 859
171 860
172 330
172 331
172 860
172 861
173 330
173 861
174 329
174 861
174 862
175 328
175 329
175 862
176 328
176 863
177 327
177 328
177 863
177 864
178 327
178 864
178 865
179 326
179 327
179 865
179 866
180 325
180 326
180 866
180 867
181 325
181 867
181 868
181 869
182 324
182 325
182 869
182 870
183 324
183 870
183 871
183 887
183 888
183 889
184 323
184 872
184 873
184 881
184 882
184 883
184 884
184 885
184 886
185 322
185 323
185 874
185 875
185 876
185 877
185 878
185 879
185 880
186 322
187 321
187 322
188 320
188 321
189 320
190 319
190 320
191 319
192 318
193 318
194 317
194 318
195 317
196 316
197 316
198 315
199 315
200 314
200 315
201 314
202 313
203 313
204 312
205 312
206 311
207 310
207 311
208 310
209 309
209 310
210 309
211 308
211 309
212 308
213 307
213 308
214 307
215 306
215 307
216 306
217 305
218 305
219 304
220 303
220 304
221 303
222 303
223 302
224 302
225 301
225 302
226 301
227 300
227 301
228 300
229 300
230 299
231 299
232 298
232 299
233 298
234 298
235 298
236 297
237 297
238 296
238 297
239 296
240 296
241 295
241 296
242 295
243 295
244 294
244 295
245 294
246 294
247 293
248 293
249 293
250 292
251 292
252 292
253 291
253 292
254 291
255 291
256 290
257 290
258 290
259 289
260 289
261 289
262 288
263 288
264 287
265 287
266 286
267 286
268 285
269 285
270 284
271 284
272 283
272 284
273 283
274 283
275 282
275 283
276 282
277 282
278 281
279 281
280 280
281 280
282 279
282 280
283 279
284 279
285 278
286 278
287 278
288 277
289 277
290 276
290 277
291 276
292 276
293 276
294 275
295 275
296 275
297 274
298 274
299 274
300 273
301 273
302 273
303 273
304 272
305 272
306 272
307 271
307 272
308 271
309 271
310 270
310 271
311 270
312 270
313 269
314 269
315 269
316 268
317 268
318 268
319 267
320 267
321 267
322 267
323 266
324 266
325 266
326 265
326 266
327 265
328 265
329 265
330 265
331 264
332 264
333 264
334 264
335 263
336 263
337 263
338 263
339 262
340 262
341 261
341 262
342 261
343 261
344 260
345 260
346 260
347 259
347 260
348 259
349 259
350 259
351 258
352 258
353 258
354 257
355 257
356 257
357 256
358 256
359 256
360 255
361 255
362 255
363 254
363 255
364 254
365 254
366 253
367 253
368 253
369 253
370 253
371 252
372 252
373 252
374 252
375 251
376 251
377 251
378 250
379 250
380 250
381 250
382 249
383 249
384 249
385 248
386 248
387 248
388 247
389 247
390 247
391 246
392 246
393 245
393 246
394 245
395 245
396 244
396 245
397 244
398 243
398 244
399 243
400 242
400 243
401 242
402 242
403 241
403 242
404 241
405 240
406 240
407 239
408 239
409 239
410 239
411 238
412 238
413 237
414 237
415 236
415 237
416 236
417 235
417 236
418 235
419 235
420 235
421 234
422 234
423 233
423 234
424 233
425 233
426 232
427 232
428 232
429 231
430 231
431 231
432 230
433 230
434 229
434 230
435 229
436 228
436 229
437 228
438 227
438 228
439 227
440 226
440 227
441 226
442 225
443 224
443 225
444 224
445 223
446 223
447 222
448 222
515 356
515 357
515 358
515 359
515 360
515 361
515 362
515 363
515 364
515 365
515 366
515 367
515 368
515 369
516 352
516 353
516 354
516 355
516 370
516 371
516 372
516 373
517 349
517 350
517 351
517 352
517 373
517 374
518 348
518 349
518 373
518 374
519 345
519 346
519 347
519 374
520 342
520 343
520 344
520 345
520 374
521 339
521 340
521 341
521 342
521 376
522 337
522 338
522 339
522 375
523 335
523 336
523 374
524 332
524 333
524 334
524 374
525 329
525 330
525 331
525 374
526 325
526 326
526 327
526 328
526 329
526 373
526 374
527 323
527 324
527 373
528 320
528 321
528 322
528 372
529 319
529 371
529 372
530 316
530 317
530 318
530 369
530 370
531 313
531 314
531 315
531 316
531 368
531 369
532 311
532 312
532 366
532 367
532 368
533 309
533 310
533 365
533 366
534 305
534 306
534 307
534 308
534 363
534 364
534 365
535 299
535 300
535 301
535 302
535 303
535 304
535 361
535 362
536 295
536 296
536 297
536 298
536 359
536 360
537 291
537 292
537 293
537 294
537 295
537 358
537 359
538 355
538 356
538 357
539 353
539 354
539 355
540 352
540 353
541 349
541 350
541 351
542 346
542 347
542 348
542 349
543 343
543 344
543 345
544 341
544 342
545 339
545 340
546 337
546 338
547 333
547 334
547 335
547 336
548 330
548 331
548 332
548 333
549 328
549 329
550 326
550 327
551 323
551 324
551 325
552 321
552 322
552 323
553 320
553 321
554 318
554 319
554 320
555 317
555 318
556 316
556 317
557 315
557 316
558 314
558 315
559 312
559 313
560 311
560 312
561 310
561 311
562 310
563 309
563 310
564 309
564 310
565 310
566 310
567 310
568 310
