501 276
502 269
502 270
502 271
502 272
502 273
502 274
502 275
502 276
502 277
502 278
502 279
502 280
502 289
503 264
503 265
503 266
503 267
503 268
503 269
503 270
503 271
503 272
503 273
503 274
503 275
503 276
503 277
503 278
503 279
503 280
503 281
503 287
504 260
504 261
504 262
504 263
504 264
504 265
504 266
504 267
504 268
504 269
504 270
504 271
504 272
504 273
504 274
504 275
504 276
504 277
504 278
504 279
504 280
504 281
504 286
504 287
504 289
504 293
505 259
505 260
505 261
505 262
505 263
505 264
505 265
505 266
505 267
505 268
505 269
505 270
505 271
505 272
505 273
505 274
505 275
505 276
505 277
505 278
505 279
505 280
505 281
505 282
505 283
505 284
505 286
505 287
505 289
505 292
505 293
505 294
505 301
506 259
506 260
506 261
506 262
506 263
506 264
506 265
506 266
506 267
506 268
506 269
506 270
506 271
506 272
506 273
506 274
506 275
506 276
506 277
506 278
506 279
506 280
506 281
506 282
506 283
506 284
506 289
506 294
506 301
506 302
507 259
507 260
507 261
507 262
507 263
507 264
507 265
507 266
507 267
507 268
507 269
507 270
507 271
507 272
507 273
507 274
507 275
507 276
507 277
507 278
507 279
507 280
507 281
507 282
507 283
507 284
507 285
507 288
507 289
507 301
507 302
508 259
508 260
508 261
508 262
508 263
508 264
508 265
508 266
508 267
508 268
508 269
508 270
508 271
508 272
508 273
508 274
508 275
508 276
508 277
508 278
508 279
508 280
508 281
508 283
508 284
508 285
508 286
508 297
508 300
509 259
509 260
509 261
509 262
509 263
509 264
509 265
509 266
509 267
509 268
509 269
509 270
509 271
509 272
509 273
509 274
509 275
509 276
509 277
509 278
509 279
509 280
509 281
509 282
509 283
509 284
509 285
509 288
509 289
509 299
510 259
510 260
510 261
510 262
510 263
510 264
510 265
510 266
510 267
510 268
510 269
510 270
510 271
510 272
510 273
510 274
510 275
510 276
510 277
510 278
510 279
510 280
510 281
510 282
510 283
510 284
510 285
510 287
510 288
510 299
510 300
511 259
511 260
511 261
511 262
511 263
511 264
511 265
511 266
511 267
511 268
511 269
511 270
511 271
511 272
511 273
511 274
511 275
511 276
511 277
511 278
511 279
511 280
511 281
511 282
511 283
511 284
511 292
511 297
511 298
511 299
512 259
512 260
512 261
512 262
512 263
512 264
512 265
512 266
512 267
512 268
512 269
512 270
512 271
512 272
512 273
512 274
512 275
512 276
512 277
512 278
512 279
512 280
512 281
512 282
512 283
512 284
512 299
513 259
513 260
513 261
513 262
513 263
513 264
513 265
513 266
513 267
513 268
513 269
513 270
513 271
513 272
513 273
513 274
513 275
513 276
513 277
513 278
513 279
513 280
513 281
513 282
513 283
513 284
513 285
514 259
514 260
514 261
514 262
514 263
514 264
514 265
514 266
514 267
514 268
514 269
514 270
514 271
514 272
514 273
514 274
514 275
514 276
514 277
514 278
514 279
514 280
514 281
514 282
514 283
514 284
514 285
514 287
515 259
515 260
515 261
515 262
515 263
515 264
515 265
515 266
515 267
515 268
515 269
515 270
515 271
515 272
515 273
515 274
515 275
515 276
515 277
515 278
515 279
515 280
515 281
515 282
515 283
515 284
515 285
515 286
515 287
515 296
515 297
515 356
515 357
515 358
515 359
515 360
515 361
515 362
515 363
515 364
515 365
515 366
515 367
515 368
516 259
516 260
516 261
516 262
516 263
516 264
516 265
516 266
516 267
516 268
516 269
516 270
516 271
516 272
516 273
516 274
516 275
516 276
516 277
516 278
516 279
516 280
516 281
516 282
516 285
516 286
516 287
516 296
516 297
516 353
516 354
516 355
516 356
516 357
516 358
516 359
516 360
516 361
516 362
516 363
516 364
516 365
516 366
516 367
516 368
516 369
516 370
516 371
516 372
516 373
516 374
516 375
517 259
517 260
517 261
517 262
517 263
517 264
517 265
517 266
517 267
517 268
517 269
517 270
517 271
517 272
517 273
517 274
517 275
517 276
517 277
517 278
517 279
517 280
517 281
517 282
517 283
517 284
517 285
517 286
517 287
517 288
517 289
517 351
517 352
517 353
517 354
517 355
517 356
517 357
517 358
517 359
517 360
517 361
517 362
517 363
517 364
517 365
517 366
517 367
517 368
517 369
517 370
517 371
517 372
517 373
517 374
517 375
517 376
517 377
518 259
518 260
518 261
518 262
518 263
518 264
518 265
518 266
518 267
518 268
518 269
518 270
518 271
518 272
518 273
518 274
518 275
518 276
518 277
518 278
518 279
518 280
518 281
518 282
518 283
518 284
518 285
518 348
518 349
518 350
518 351
518 352
518 353
518 354
518 355
518 356
518 357
518 358
518 359
518 360
518 361
518 362
518 363
518 364
518 365
518 366
518 367
518 368
518 369
518 370
518 371
518 372
518 373
518 374
518 375
518 376
518 377
519 259
519 260
519 261
519 262
519 263
519 264
519 265
519 266
519 267
519 268
519 269
519 270
519 271
519 272
519 273
519 274
519 275
519 276
519 277
519 278
519 279
519 280
519 281
519 282
519 283
519 284
519 285
519 292
519 346
519 347
519 348
519 349
519 350
519 351
519 352
519 353
519 354
519 355
519 356
519 357
519 358
519 359
519 360
519 361
519 362
519 363
519 364
519 365
519 366
519 367
519 368
519 369
519 370
519 371
519 372
519 373
519 374
519 375
519 376
519 377
519 378
520 259
520 260
520 261
520 262
520 263
520 264
520 265
520 266
520 267
520 268
520 269
520 270
520 271
520 272
520 273
520 274
520 275
520 276
520 277
520 278
520 279
520 280
520 281
520 282
520 283
520 284
520 285
520 343
520 344
520 345
520 346
520 347
520 348
520 349
520 350
520 351
520 352
520 353
520 354
520 355
520 356
520 357
520 358
520 359
520 360
520 361
520 362
520 363
520 364
520 365
520 366
520 367
520 368
520 369
520 370
520 371
520 372
520 373
520 374
520 375
520 376
520 377
521 259
521 260
521 261
521 262
521 263
521 264
521 265
521 266
521 267
521 268
521 269
521 270
521 271
521 272
521 273
521 274
521 275
521 276
521 277
521 278
521 279
521 280
521 281
521 282
521 283
521 284
521 285
521 288
521 291
521 340
521 341
521 342
521 343
521 344
521 345
521 346
521 347
521 348
521 349
521 350
521 351
521 352
521 353
521 354
521 355
521 356
521 357
521 358
521 359
521 360
521 361
521 362
521 363
521 364
521 365
521 366
521 367
521 368
521 369
521 370
521 371
521 372
521 373
521 374
521 375
521 376
521 377
522 259
522 260
522 261
522 262
522 263
522 264
522 265
522 266
522 267
522 268
522 269
522 270
522 271
522 272
522 273
522 274
522 275
522 276
522 277
522 278
522 279
522 280
522 281
522 282
522 283
522 284
522 285
522 286
522 338
522 339
522 340
522 341
522 342
522 343
522 344
522 345
522 346
522 347
522 348
522 349
522 350
522 351
522 352
522 353
522 354
522 355
522 356
522 357
522 358
522 359
522 360
522 361
522 362
522 363
522 364
522 365
522 366
522 367
522 368
522 369
522 370
522 371
522 372
522 373
522 374
522 375
522 376
523 259
523 260
523 261
523 262
523 263
523 264
523 265
523 266
523 267
523 268
523 269
523 270
523 271
523 272
523 273
523 274
523 275
523 276
523 277
523 278
523 279
523 280
523 281
523 282
523 283
523 284
523 285
523 286
523 287
523 336
523 337
523 338
523 339
523 340
523 341
523 342
523 343
523 344
523 345
523 346
523 347
523 348
523 349
523 350
523 351
523 352
523 353
523 354
523 355
523 356
523 357
523 358
523 359
523 360
523 361
523 362
523 363
523 364
523 365
523 366
523 367
523 368
523 369
523 370
523 371
523 372
523 373
523 374
523 375
523 376
524 259
524 260
524 261
524 262
524 263
524 264
524 265
524 266
524 267
524 268
524 269
524 270
524 271
524 272
524 273
524 274
524 275
524 276
524 277
524 278
524 279
524 280
524 281
524 282
524 283
524 284
524 285
524 286
524 287
524 288
524 334
524 335
524 336
524 337
524 338
524 339
524 340
524 341
524 342
524 343
524 344
524 345
524 346
524 347
524 348
524 349
524 350
524 351
524 352
524 353
524 354
524 355
524 356
524 357
524 358
524 359
524 360
524 361
524 362
524 363
524 364
524 365
524 366
524 367
524 368
524 369
524 370
524 371
524 372
524 373
524 374
524 375
525 259
525 260
525 261
525 262
525 263
525 264
525 265
525 266
525 267
525 268
525 269
525 270
525 271
525 272
525 273
525 274
525 275
525 276
525 277
525 278
525 279
525 280
525 281
525 282
525 283
525 284
525 285
525 287
525 330
525 331
525 332
525 333
525 334
525 335
525 336
525 337
525 338
525 339
525 340
525 341
525 342
525 343
525 344
525 345
525 346
525 347
525 348
525 349
525 350
525 351
525 352
525 353
525 354
525 355
525 356
525 357
525 358
525 359
525 360
525 361
525 362
525 363
525 364
525 365
525 366
525 367
525 368
525 369
525 370
525 371
525 372
525 373
525 374
526 259
526 260
526 261
526 262
526 263
526 264
526 265
526 266
526 267
526 268
526 269
526 270
526 271
526 272
526 273
526 274
526 275
526 276
526 277
526 278
526 279
526 280
526 281
526 282
526 283
526 284
526 285
526 287
526 288
526 328
526 329
526 330
526 331
526 332
526 333
526 334
526 335
526 336
526 337
526 338
526 339
526 340
526 341
526 342
526 343
526 344
526 345
526 346
526 347
526 348
526 349
526 350
526 351
526 352
526 353
526 354
526 355
526 356
526 357
526 358
526 359
526 360
526 361
526 362
526 363
526 364
526 365
526 366
526 367
526 368
526 369
526 370
526 371
526 372
526 373
527 259
527 260
527 261
527 262
527 263
527 264
527 265
527 266
527 267
527 268
527 269
527 270
527 271
527 272
527 273
527 274
527 275
527 276
527 277
527 278
527 279
527 280
527 281
527 282
527 283
527 284
527 285
527 287
527 325
527 326
527 327
527 328
527 329
527 330
527 331
527 332
527 333
527 334
527 335
527 336
527 337
527 338
527 339
527 340
527 341
527 342
527 343
527 344
527 345
527 346
527 347
527 348
527 349
527 350
527 351
527 352
527 353
527 354
527 355
527 356
527 357
527 358
527 359
527 360
527 361
527 362
527 363
527 364
527 365
527 366
527 367
527 368
527 369
527 370
527 371
527 372
528 259
528 260
528 261
528 262
528 263
528 264
528 265
528 266
528 267
528 268
528 269
528 270
528 271
528 272
528 273
528 274
528 275
528 276
528 277
528 278
528 279
528 280
528 281
528 282
528 283
528 284
528 285
528 286
528 287
528 288
528 322
528 323
528 324
528 325
528 326
528 327
528 328
528 329
528 330
528 331
528 332
528 333
528 334
528 335
528 336
528 337
528 338
528 339
528 340
528 341
528 342
528 343
528 344
528 345
528 346
528 347
528 348
528 349
528 350
528 351
528 352
528 353
528 354
528 355
528 356
528 357
528 358
528 359
528 360
528 361
528 362
528 363
528 364
528 365
528 366
528 367
528 368
528 369
528 370
528 371
529 259
529 260
529 261
529 262
529 263
529 264
529 265
529 266
529 267
529 268
529 269
529 270
529 271
529 272
529 273
529 274
529 275
529 276
529 277
529 278
529 279
529 280
529 281
529 282
529 283
529 284
529 285
529 286
529 287
529 288
529 319
529 320
529 321
529 322
529 323
529 324
529 325
529 326
529 327
529 328
529 329
529 330
529 331
529 332
529 333
529 334
529 335
529 336
529 337
529 338
529 339
529 340
529 341
529 342
529 343
529 344
529 345
529 346
529 347
529 348
529 349
529 350
529 351
529 352
529 353
529 354
529 355
529 356
529 357
529 358
529 359
529 360
529 361
529 362
529 363
529 364
529 365
529 366
529 367
529 368
529 369
529 370
529 371
530 259
530 260
530 261
530 262
530 263
530 264
530 265
530 266
530 267
530 268
530 269
530 270
530 271
530 272
530 273
530 274
530 275
530 276
530 277
530 278
530 279
530 280
530 281
530 282
530 283
530 284
530 285
530 286
530 287
530 288
530 289
530 317
530 318
530 319
530 320
530 321
530 322
530 323
530 324
530 325
530 326
530 327
530 328
530 329
530 330
530 331
530 332
530 333
530 334
530 335
530 336
530 337
530 338
530 339
530 340
530 341
530 342
530 343
530 344
530 345
530 346
530 347
530 348
530 349
530 350
530 351
530 352
530 353
530 354
530 355
530 356
530 357
530 358
530 359
530 360
530 361
530 362
530 363
530 364
530 365
530 366
530 367
530 368
530 369
530 370
531 259
531 260
531 261
531 262
531 263
531 264
531 265
531 266
531 267
531 268
531 269
531 270
531 271
531 272
531 273
531 274
531 275
531 276
531 277
531 278
531 279
531 280
531 281
531 282
531 283
531 284
531 285
531 286
531 287
531 288
531 289
531 314
531 315
531 316
531 317
531 318
531 319
531 320
531 321
531 322
531 323
531 324
531 325
531 326
531 327
531 328
531 329
531 330
531 331
531 332
531 333
531 334
531 335
531 336
531 337
531 338
531 339
531 340
531 341
531 342
531 343
531 344
531 345
531 346
531 347
531 348
531 349
531 350
531 351
531 352
531 353
531 354
531 355
531 356
531 357
531 358
531 359
531 360
531 361
531 362
531 363
531 364
531 365
531 366
531 367
531 368
531 369
532 259
532 260
532 261
532 262
532 263
532 264
532 265
532 266
532 267
532 268
532 269
532 270
532 271
532 272
532 273
532 274
532 275
532 276
532 277
532 278
532 279
532 280
532 281
532 282
532 283
532 284
532 285
532 286
532 287
532 311
532 312
532 313
532 314
532 315
532 316
532 317
532 318
532 319
532 320
532 321
532 322
532 323
532 324
532 325
532 326
532 327
532 328
532 329
532 330
532 331
532 332
532 333
532 334
532 335
532 336
532 337
532 338
532 339
532 340
532 341
532 342
532 343
532 344
532 345
532 346
532 347
532 348
532 349
532 350
532 351
532 352
532 353
532 354
532 355
532 356
532 357
532 358
532 359
532 360
532 361
532 362
532 363
532 364
532 365
532 366
532 367
533 259
533 260
533 261
533 262
533 263
533 264
533 265
533 266
533 267
533 268
533 269
533 270
533 271
533 272
533 273
533 274
533 275
533 276
533 277
533 278
533 279
533 280
533 281
533 282
533 283
533 284
533 285
533 286
533 287
533 288
533 289
533 290
533 306
533 308
533 309
533 310
533 311
533 312
533 313
533 314
533 315
533 316
533 317
533 318
533 319
533 320
533 321
533 322
533 323
533 324
533 325
533 326
533 327
533 328
533 329
533 330
533 331
533 332
533 333
533 334
533 335
533 336
533 337
533 338
533 339
533 340
533 341
533 342
533 343
533 344
533 345
533 346
533 347
533 348
533 349
533 350
533 351
533 352
533 353
533 354
533 355
533 356
533 357
533 358
533 359
533 360
533 361
533 362
533 363
533 364
533 365
533 366
533 367
534 259
534 260
534 261
534 262
534 263
534 264
534 265
534 266
534 267
534 268
534 269
534 270
534 271
534 272
534 273
534 274
534 275
534 276
534 277
534 278
534 279
534 280
534 281
534 282
534 283
534 284
534 285
534 286
534 287
534 288
534 289
534 299
534 300
534 301
534 302
534 303
534 304
534 305
534 306
534 307
534 308
534 309
534 310
534 311
534 312
534 313
534 314
534 315
534 316
534 317
534 318
534 319
534 320
534 321
534 322
534 323
534 324
534 325
534 326
534 327
534 328
534 329
534 330
534 331
534 332
534 333
534 334
534 335
534 336
534 337
534 338
534 339
534 340
534 341
534 342
534 343
534 344
534 345
534 346
534 347
534 348
534 349
534 350
534 351
534 352
534 353
534 354
534 355
534 356
534 357
534 358
534 359
534 360
534 361
534 362
534 363
534 364
534 365
534 366
535 259
535 260
535 261
535 262
535 263
535 264
535 265
535 266
535 267
535 268
535 269
535 270
535 271
535 272
535 273
535 274
535 275
535 276
535 277
535 278
535 279
535 280
535 281
535 282
535 283
535 284
535 285
535 286
535 287
535 288
535 296
535 297
535 298
535 299
535 300
535 301
535 302
535 303
535 304
535 305
535 306
535 307
535 308
535 309
535 310
535 311
535 312
535 313
535 314
535 315
535 316
535 317
535 318
535 319
535 320
535 321
535 322
535 323
535 324
535 325
535 326
535 327
535 328
535 329
535 330
535 331
535 332
535 333
535 334
535 335
535 336
535 337
535 338
535 339
535 340
535 341
535 342
535 343
535 344
535 345
535 346
535 347
535 348
535 349
535 350
535 351
535 352
535 353
535 354
535 355
535 356
535 357
535 358
535 359
535 360
535 361
535 362
535 363
535 364
536 259
536 260
536 261
536 262
536 263
536 264
536 265
536 266
536 267
536 268
536 269
536 270
536 271
536 272
536 273
536 274
536 275
536 276
536 277
536 278
536 279
536 280
536 281
536 282
536 283
536 284
536 285
536 286
536 287
536 288
536 293
536 294
536 295
536 296
536 297
536 298
536 299
536 300
536 301
536 302
536 303
536 304
536 305
536 306
536 307
536 308
536 309
536 310
536 311
536 312
536 313
536 314
536 315
536 316
536 317
536 318
536 319
536 320
536 321
536 322
536 323
536 324
536 325
536 326
536 327
536 328
536 329
536 330
536 331
536 332
536 333
536 334
536 335
536 336
536 337
536 338
536 339
536 340
536 341
536 342
536 343
536 344
536 345
536 346
536 347
536 348
536 349
536 350
536 351
536 352
536 353
536 354
536 355
536 356
536 357
536 358
536 359
536 360
536 361
537 259
537 260
537 261
537 262
537 263
537 264
537 265
537 266
537 267
537 268
537 269
537 270
537 271
537 272
537 273
537 274
537 275
537 276
537 277
537 278
537 279
537 280
537 281
537 282
537 283
537 284
537 285
537 286
537 287
537 288
537 289
537 290
537 291
537 292
537 293
537 294
537 295
537 296
537 297
537 298
537 299
537 300
537 301
537 302
537 303
537 304
537 305
537 306
537 307
537 308
537 309
537 310
537 311
537 312
537 313
537 314
537 315
537 316
537 317
537 318
537 319
537 320
537 321
537 322
537 323
537 324
537 325
537 326
537 327
537 328
537 329
537 330
537 331
537 332
537 333
537 334
537 335
537 336
537 337
537 338
537 339
537 340
537 341
537 342
537 343
537 344
537 345
537 346
537 347
537 348
537 349
537 350
537 351
537 352
537 353
537 354
537 355
537 356
537 357
537 358
537 359
538 259
538 260
538 261
538 262
538 263
538 264
538 265
538 266
538 267
538 268
538 269
538 270
538 271
538 272
538 273
538 274
538 275
538 276
538 277
538 278
538 279
538 280
538 281
538 282
538 283
538 284
538 285
538 286
538 287
538 288
538 289
538 290
538 291
538 292
538 293
538 294
538 295
538 296
538 297
538 298
538 299
538 300
538 301
538 302
538 303
538 304
538 305
538 306
538 307
538 308
538 309
538 310
538 311
538 312
538 313
538 314
538 315
538 316
538 317
538 318
538 319
538 320
538 321
538 322
538 323
538 324
538 325
538 326
538 327
538 328
538 329
538 330
538 331
538 332
538 333
538 334
538 335
538 336
538 337
538 338
538 339
538 340
538 341
538 342
538 343
538 344
538 345
538 346
538 347
538 348
538 349
538 350
538 351
538 352
538 353
538 354
538 355
538 356
538 357
539 259
539 260
539 261
539 262
539 263
539 264
539 265
539 266
539 267
539 268
539 269
539 270
539 271
539 272
539 273
539 274
539 275
539 276
539 277
539 278
539 279
539 280
539 281
539 282
539 283
539 284
539 285
539 286
539 287
539 288
539 289
539 290
539 291
539 292
539 293
539 294
539 295
539 296
539 297
539 298
539 299
539 300
539 301
539 302
539 303
539 304
539 305
539 306
539 307
539 308
539 309
539 310
539 311
539 312
539 313
539 314
539 315
539 316
539 317
539 318
539 319
539 320
539 321
539 322
539 323
539 324
539 325
539 326
539 327
539 328
539 329
539 330
539 331
539 332
539 333
539 334
539 335
539 336
539 337
539 338
539 339
539 340
539 341
539 342
539 343
539 344
539 345
539 346
539 347
539 348
539 349
539 350
539 351
539 352
539 353
539 354
539 355
540 259
540 260
540 261
540 262
540 263
540 264
540 265
540 266
540 267
540 268
540 269
540 270
540 271
540 272
540 273
540 274
540 275
540 276
540 277
540 278
540 279
540 280
540 281
540 282
540 283
540 284
540 285
540 286
540 287
540 288
540 289
540 290
540 291
540 292
540 293
540 294
540 295
540 296
540 297
540 298
540 299
540 300
540 301
540 302
540 303
540 304
540 305
540 306
540 307
540 308
540 309
540 310
540 311
540 312
540 313
540 314
540 315
540 316
540 317
540 318
540 319
540 320
540 321
540 322
540 323
540 324
540 325
540 326
540 327
540 328
540 329
540 330
540 331
540 332
540 333
540 334
540 335
540 336
540 337
540 338
540 339
540 340
540 341
540 342
540 343
540 344
540 345
540 346
540 347
540 348
540 349
540 350
540 351
540 352
541 259
541 260
541 261
541 262
541 263
541 264
541 265
541 266
541 267
541 268
541 269
541 270
541 271
541 272
541 273
541 274
541 275
541 276
541 277
541 278
541 279
541 280
541 281
541 282
541 283
541 284
541 285
541 286
541 287
541 288
541 289
541 290
541 291
541 292
541 293
541 294
541 295
541 296
541 297
541 298
541 299
541 300
541 301
541 302
541 303
541 304
541 305
541 306
541 307
541 308
541 309
541 310
541 311
541 312
541 313
541 314
541 315
541 316
541 317
541 318
541 319
541 320
541 321
541 322
541 323
541 324
541 325
541 326
541 327
541 328
541 329
541 330
541 331
541 332
541 333
541 334
541 335
541 336
541 337
541 338
541 339
541 340
541 341
541 342
541 343
541 344
541 345
541 346
541 347
541 348
541 349
542 259
542 260
542 261
542 262
542 263
542 264
542 265
542 266
542 267
542 268
542 269
542 270
542 271
542 272
542 273
542 274
542 275
542 276
542 277
542 278
542 279
542 280
542 281
542 282
542 283
542 284
542 285
542 286
542 287
542 288
542 289
542 290
542 291
542 292
542 293
542 294
542 295
542 296
542 297
542 298
542 299
542 300
542 301
542 302
542 303
542 304
542 305
542 306
542 307
542 308
542 309
542 310
542 311
542 312
542 313
542 314
542 315
542 316
542 317
542 318
542 319
542 320
542 321
542 322
542 323
542 324
542 325
542 326
542 327
542 328
542 329
542 330
542 331
542 332
542 333
542 334
542 335
542 336
542 337
542 338
542 339
542 340
542 341
542 342
542 343
542 344
542 345
542 346
542 347
543 259
543 260
543 261
543 262
543 263
543 264
543 265
543 266
543 267
543 268
543 269
543 270
543 271
543 272
543 273
543 274
543 275
543 276
543 277
543 278
543 279
543 280
543 281
543 282
543 283
543 284
543 285
543 286
543 287
543 288
543 289
543 290
543 291
543 292
543 293
543 294
543 295
543 296
543 297
543 298
543 299
543 300
543 301
543 302
543 303
543 304
543 305
543 306
543 307
543 308
543 309
543 310
543 311
543 312
543 313
543 314
543 315
543 316
543 317
543 318
543 319
543 320
543 321
543 322
543 323
543 324
543 325
543 326
543 327
543 328
543 329
543 330
543 331
543 332
543 333
543 334
543 335
543 336
543 337
543 338
543 339
543 340
543 341
543 342
543 343
543 344
544 259
544 260
544 261
544 262
544 263
544 264
544 265
544 266
544 267
544 268
544 269
544 270
544 271
544 272
544 273
544 274
544 275
544 276
544 277
544 278
544 279
544 280
544 281
544 282
544 283
544 284
544 285
544 286
544 287
544 288
544 289
544 290
544 291
544 292
544 293
544 294
544 295
544 296
544 297
544 298
544 299
544 300
544 301
544 302
544 303
544 304
544 305
544 306
544 307
544 308
544 309
544 310
544 311
544 312
544 313
544 314
544 315
544 316
544 317
544 318
544 319
544 320
544 321
544 322
544 323
544 324
544 325
544 326
544 327
544 328
544 329
544 330
544 331
544 332
544 333
544 334
544 335
544 336
544 337
544 338
544 339
544 340
544 341
545 259
545 260
545 261
545 262
545 263
545 264
545 265
545 266
545 267
545 268
545 269
545 270
545 271
545 272
545 273
545 274
545 275
545 276
545 277
545 278
545 279
545 280
545 281
545 282
545 283
545 284
545 285
545 286
545 287
545 288
545 289
545 290
545 291
545 292
545 293
545 294
545 295
545 296
545 297
545 298
545 299
545 300
545 301
545 302
545 303
545 304
545 305
545 306
545 307
545 308
545 309
545 310
545 311
545 312
545 313
545 314
545 315
545 316
545 317
545 318
545 319
545 320
545 321
545 322
545 323
545 324
545 325
545 326
545 327
545 328
545 329
545 330
545 331
545 332
545 333
545 334
545 335
545 336
545 337
545 338
545 339
546 259
546 260
546 261
546 262
546 263
546 264
546 265
546 266
546 267
546 268
546 269
546 270
546 271
546 272
546 273
546 274
546 275
546 276
546 277
546 278
546 279
546 280
546 281
546 282
546 283
546 284
546 285
546 286
546 287
546 288
546 289
546 290
546 291
546 292
546 293
546 294
546 295
546 296
546 297
546 298
546 299
546 300
546 301
546 302
546 303
546 304
546 305
546 306
546 307
546 308
546 309
546 310
546 311
546 312
546 313
546 314
546 315
546 316
546 317
546 318
546 319
546 320
546 321
546 322
546 323
546 324
546 325
546 326
546 327
546 328
546 329
546 330
546 331
546 332
546 333
546 334
546 335
546 336
547 259
547 260
547 261
547 262
547 263
547 264
547 265
547 266
547 267
547 268
547 269
547 270
547 271
547 272
547 273
547 274
547 275
547 276
547 277
547 278
547 279
547 280
547 281
547 282
547 283
547 284
547 285
547 286
547 287
547 288
547 289
547 290
547 291
547 292
547 293
547 294
547 295
547 296
547 297
547 298
547 299
547 300
547 301
547 302
547 303
547 304
547 305
547 306
547 307
547 308
547 309
547 310
547 311
547 312
547 313
547 314
547 315
547 316
547 317
547 318
547 319
547 320
547 321
547 322
547 323
547 324
547 325
547 326
547 327
547 328
547 329
547 330
547 331
547 332
547 333
548 259
548 260
548 261
548 262
548 263
548 264
548 265
548 266
548 267
548 268
548 269
548 270
548 271
548 272
548 273
548 274
548 275
548 276
548 277
548 278
548 279
548 280
548 281
548 282
548 283
548 284
548 285
548 286
548 287
548 288
548 289
548 290
548 291
548 292
548 293
548 294
548 295
548 296
548 297
548 298
548 299
548 300
548 301
548 302
548 303
548 304
548 305
548 306
548 307
548 308
548 309
548 310
548 311
548 312
548 313
548 314
548 315
548 316
548 317
548 318
548 319
548 320
548 321
548 322
548 323
548 324
548 325
548 326
548 327
548 328
548 329
548 330
548 331
549 259
549 260
549 261
549 262
549 263
549 264
549 265
549 266
549 267
549 268
549 269
549 270
549 271
549 272
549 273
549 274
549 275
549 276
549 277
549 278
549 279
549 280
549 281
549 282
549 283
549 284
549 285
549 286
549 287
549 288
549 289
549 290
549 291
549 292
549 293
549 294
549 295
549 296
549 297
549 298
549 299
549 300
549 301
549 302
549 303
549 304
549 305
549 306
549 307
549 308
549 309
549 310
549 311
549 312
549 313
549 314
549 315
549 316
549 317
549 318
549 319
549 320
549 321
549 322
549 323
549 324
549 325
549 326
549 327
549 328
550 259
550 260
550 261
550 262
550 263
550 264
550 265
550 266
550 267
550 268
550 269
550 270
550 271
550 272
550 273
550 274
550 275
550 276
550 277
550 278
550 279
550 280
550 281
550 282
550 283
550 284
550 285
550 286
550 287
550 288
550 289
550 290
550 291
550 292
550 293
550 294
550 295
550 296
550 297
550 298
550 299
550 300
550 301
550 302
550 303
550 304
550 305
550 306
550 307
550 308
550 309
550 310
550 311
550 312
550 313
550 314
550 315
550 316
550 317
550 318
550 319
550 320
550 321
550 322
550 323
550 324
550 325
550 326
551 259
551 260
551 261
551 262
551 263
551 264
551 265
551 266
551 267
551 268
551 269
551 270
551 271
551 272
551 273
551 274
551 275
551 276
551 277
551 278
551 279
551 280
551 281
551 282
551 283
551 284
551 285
551 286
551 287
551 288
551 289
551 290
551 291
551 292
551 293
551 294
551 295
551 296
551 297
551 298
551 299
551 300
551 301
551 302
551 303
551 304
551 305
551 306
551 307
551 308
551 309
551 310
551 311
551 312
551 313
551 314
551 315
551 316
551 317
551 318
551 319
551 320
551 321
551 322
551 323
551 324
552 259
552 260
552 261
552 262
552 263
552 264
552 265
552 266
552 267
552 268
552 269
552 270
552 271
552 272
552 273
552 274
552 275
552 276
552 277
552 278
552 279
552 280
552 281
552 282
552 283
552 284
552 285
552 286
552 287
552 288
552 289
552 290
552 291
552 292
552 293
552 294
552 295
552 296
552 297
552 298
552 299
552 300
552 301
552 302
552 303
552 304
552 305
552 306
552 307
552 308
552 309
552 310
552 311
552 312
552 313
552 314
552 315
552 316
552 317
552 318
552 319
552 320
552 321
552 322
553 259
553 260
553 261
553 262
553 263
553 264
553 265
553 266
553 267
553 268
553 269
553 270
553 271
553 272
553 273
553 274
553 275
553 276
553 277
553 278
553 279
553 280
553 281
553 282
553 283
553 284
553 285
553 286
553 287
553 288
553 289
553 290
553 291
553 292
553 293
553 294
553 295
553 296
553 297
553 298
553 299
553 300
553 301
553 302
553 303
553 304
553 305
553 306
553 307
553 308
553 309
553 310
553 311
553 312
553 313
553 314
553 315
553 316
553 317
553 318
553 319
554 259
554 260
554 261
554 262
554 263
554 264
554 265
554 266
554 267
554 268
554 269
554 270
554 271
554 272
554 273
554 274
554 275
554 276
554 277
554 278
554 279
554 280
554 281
554 282
554 283
554 284
554 285
554 286
554 287
554 288
554 289
554 290
554 291
554 292
554 293
554 294
554 295
554 296
554 297
554 298
554 299
554 300
554 301
554 302
554 303
554 304
554 305
554 306
554 307
554 308
554 309
554 310
554 311
554 312
554 313
554 314
554 315
554 316
554 317
554 318
555 259
555 260
555 261
555 262
555 263
555 264
555 265
555 266
555 267
555 268
555 269
555 270
555 271
555 272
555 273
555 274
555 275
555 276
555 277
555 278
555 279
555 280
555 281
555 282
555 283
555 284
555 285
555 286
555 287
555 288
555 289
555 290
555 291
555 292
555 293
555 294
555 295
555 296
555 297
555 298
555 299
555 300
555 301
555 302
555 303
555 304
555 305
555 306
555 307
555 308
555 309
555 310
555 311
555 312
555 313
555 314
555 315
556 259
556 260
556 261
556 262
556 263
556 264
556 265
556 266
556 267
556 268
556 269
556 270
556 271
556 272
556 273
556 274
556 275
556 276
556 277
556 278
556 279
556 280
556 281
556 282
556 283
556 284
556 285
556 286
556 287
556 288
556 289
556 290
556 291
556 292
556 293
556 294
556 295
556 296
556 297
556 298
556 299
556 300
556 301
556 302
556 303
556 304
556 305
556 306
556 307
556 308
556 309
556 310
556 311
556 312
556 313
556 314
557 259
557 260
557 261
557 262
557 263
557 264
557 265
557 266
557 267
557 268
557 269
557 270
557 271
557 272
557 273
557 274
557 275
557 276
557 277
557 278
557 279
557 280
557 281
557 282
557 283
557 284
557 285
557 286
557 287
557 288
557 289
557 290
557 291
557 292
557 293
557 294
557 295
557 296
557 297
557 298
557 299
557 300
557 301
557 302
557 303
557 304
557 305
557 306
557 307
557 308
557 309
557 310
557 311
557 312
557 313
558 259
558 260
558 261
558 262
558 263
558 264
558 265
558 266
558 267
558 268
558 269
558 270
558 271
558 272
558 273
558 274
558 275
558 276
558 277
558 278
558 279
558 280
558 281
558 282
558 283
558 284
558 285
558 286
558 287
558 288
558 289
558 290
558 291
558 292
558 293
558 294
558 295
558 296
558 297
558 298
558 299
558 300
558 301
558 302
558 303
558 304
558 305
558 306
558 307
558 308
558 309
558 310
558 311
558 312
559 259
559 260
559 261
559 262
559 263
559 264
559 265
559 266
559 267
559 268
559 269
559 270
559 271
559 272
559 273
559 274
559 275
559 276
559 277
559 278
559 279
559 280
559 281
559 282
559 283
559 284
559 285
559 286
559 287
559 288
559 289
559 290
559 291
559 292
559 293
559 294
559 295
559 296
559 297
559 298
559 299
559 300
559 301
559 302
559 303
559 304
559 305
559 306
559 307
559 308
559 309
559 310
559 311
560 259
560 260
560 261
560 262
560 263
560 264
560 265
560 266
560 267
560 268
560 269
560 270
560 271
560 272
560 273
560 274
560 275
560 276
560 277
560 278
560 279
560 280
560 281
560 282
560 283
560 284
560 285
560 286
560 287
560 288
560 289
560 290
560 291
560 292
560 293
560 294
560 295
560 296
560 297
560 298
560 299
560 300
560 301
560 302
560 303
560 304
560 305
560 306
560 307
560 308
560 309
560 310
561 259
561 260
561 261
561 262
561 263
561 264
561 265
561 266
561 267
561 268
561 269
561 270
561 271
561 272
561 273
561 274
561 275
561 276
561 277
561 278
561 279
561 280
561 281
561 282
561 283
561 284
561 285
561 286
561 287
561 288
561 289
561 290
561 291
561 292
561 293
561 294
561 295
561 296
561 297
561 298
561 299
561 300
561 301
561 302
561 303
561 304
561 305
561 306
561 307
561 308
562 259
562 260
562 261
562 262
562 263
562 264
562 265
562 266
562 267
562 268
562 269
562 270
562 271
562 272
562 273
562 274
562 275
562 276
562 277
562 278
562 279
562 280
562 281
562 282
562 283
562 284
562 285
562 286
562 287
562 288
562 289
562 290
562 291
562 292
562 293
562 294
562 295
562 296
562 297
562 298
562 299
562 300
562 301
562 302
562 303
562 304
562 305
562 306
562 307
563 259
563 260
563 261
563 262
563 263
563 264
563 265
563 266
563 267
563 268
563 269
563 270
563 271
563 272
563 273
563 274
563 275
563 276
563 277
563 278
563 279
563 280
563 281
563 282
563 283
563 284
563 285
563 286
563 287
563 288
563 289
563 290
563 291
563 292
563 293
563 294
563 295
563 296
563 297
563 298
563 299
563 300
563 301
563 302
563 303
563 304
563 305
563 306
563 307
564 259
564 260
564 261
564 262
564 263
564 264
564 265
564 266
564 267
564 268
564 269
564 270
564 271
564 272
564 273
564 274
564 275
564 276
564 277
564 278
564 279
564 280
564 281
564 282
564 283
564 284
564 285
564 286
564 287
564 288
564 289
564 290
564 291
564 292
564 293
564 294
564 295
564 296
564 297
564 298
564 299
564 300
564 301
564 302
564 303
564 304
564 305
565 259
565 260
565 261
565 262
565 263
565 264
565 265
565 266
565 267
565 268
565 269
565 270
565 271
565 272
565 273
565 274
565 275
565 276
565 277
565 278
565 279
565 280
565 281
565 282
565 283
565 284
565 285
565 286
565 287
565 288
565 289
565 290
565 291
565 292
565 293
565 294
565 295
565 296
565 297
565 298
565 299
565 300
565 301
565 302
565 303
566 259
566 260
566 261
566 262
566 263
566 264
566 265
566 266
566 267
566 268
566 269
566 270
566 271
566 272
566 273
566 274
566 275
566 276
566 277
566 278
566 279
566 280
566 281
566 282
566 283
566 284
566 285
566 286
566 287
566 288
566 289
566 290
566 291
566 292
566 293
566 294
566 295
566 296
566 297
566 298
566 299
566 300
566 301
567 259
567 260
567 261
567 262
567 263
567 264
567 265
567 266
567 267
567 268
567 269
567 270
567 271
567 272
567 273
567 274
567 275
567 276
567 277
567 278
567 279
567 280
567 281
567 282
567 283
567 284
567 285
567 286
567 287
567 288
567 289
567 290
567 291
567 292
567 293
567 294
567 295
567 296
567 297
567 298
567 299
567 300
567 301
567 302
568 259
568 260
568 261
568 262
568 263
568 264
568 265
568 266
568 267
568 268
568 269
568 270
568 271
568 272
568 273
568 274
568 275
568 276
568 277
568 278
568 279
568 280
568 281
568 282
568 283
568 284
568 285
568 286
568 287
568 288
568 289
568 290
568 291
568 292
568 293
568 294
568 295
568 298
568 301
568 302
568 303
569 259
569 260
569 261
569 262
569 263
569 264
569 265
569 266
569 267
569 268
569 269
569 270
569 271
569 272
569 273
569 274
569 275
569 276
569 277
569 278
569 279
569 280
569 281
569 282
569 283
569 284
569 285
569 286
569 287
569 288
569 289
569 290
569 291
569 292
569 293
569 294
569 301
569 302
570 259
570 260
570 261
570 262
570 263
570 264
570 265
570 266
570 267
570 268
570 269
570 270
570 271
570 272
570 273
570 274
570 275
570 276
570 277
570 278
570 279
570 280
570 281
570 282
570 283
570 284
570 285
570 286
570 287
570 288
570 289
570 290
570 291
570 292
570 301
571 259
571 260
571 261
571 262
571 263
571 264
571 265
571 266
571 267
571 268
571 269
571 270
571 271
571 272
571 273
571 274
571 275
571 276
571 277
571 278
571 279
571 280
571 281
571 282
571 283
571 284
571 285
571 286
571 287
571 288
571 289
571 290
571 291
571 294
572 259
572 260
572 261
572 262
572 263
572 264
572 265
572 266
572 267
572 268
572 269
572 270
572 271
572 272
572 273
572 274
572 275
572 276
572 277
572 278
572 279
572 280
572 281
572 282
572 283
572 284
572 285
572 286
572 287
572 288
572 289
572 294
573 259
573 260
573 261
573 262
573 263
573 264
573 265
573 266
573 267
573 268
573 269
573 270
573 271
573 272
573 273
573 274
573 275
573 276
573 277
573 278
573 279
573 280
573 281
573 282
573 283
573 284
573 286
574 259
574 260
574 261
574 262
574 263
574 264
574 265
574 266
574 267
574 268
574 269
574 270
574 271
574 272
574 273
574 274
574 275
574 276
574 277
574 278
574 279
574 280
574 281
574 282
574 283
574 284
574 293
575 259
575 260
575 261
575 262
575 263
575 264
575 265
575 266
575 267
575 268
575 269
575 270
575 271
575 272
575 273
575 274
575 275
575 276
575 277
575 278
575 279
575 280
575 281
575 282
575 283
575 284
575 285
575 293
576 259
576 260
576 261
576 262
576 263
576 264
576 265
576 266
576 267
576 268
576 269
576 270
576 271
576 272
576 273
576 274
576 275
576 276
576 277
576 278
576 279
576 280
576 281
576 282
576 283
576 284
576 285
576 286
576 289
576 291
577 259
577 260
577 261
577 262
577 263
577 264
577 265
577 266
577 267
577 268
577 269
577 270
577 271
577 272
577 273
577 274
577 275
577 276
577 277
577 278
577 279
577 280
577 282
577 283
577 284
577 285
577 286
577 289
578 259
578 260
578 261
578 262
578 263
578 264
578 265
578 266
578 267
578 268
578 269
578 270
578 271
578 272
578 273
578 274
578 275
578 276
578 277
578 278
578 279
578 280
578 281
578 282
578 283
578 284
578 287
578 288
578 289
579 259
579 260
579 261
579 262
579 263
579 264
579 265
579 266
579 267
579 268
579 269
579 270
579 271
579 272
579 273
579 274
579 275
579 276
579 277
579 278
579 279
579 280
579 281
579 282
579 283
579 284
579 287
579 288
579 289
579 294
580 259
580 260
580 261
580 262
580 263
580 264
580 265
580 266
580 267
580 268
580 269
580 270
580 271
580 272
580 273
580 274
580 275
580 276
580 277
580 278
580 279
580 280
580 281
580 282
580 283
580 285
580 286
580 287
580 288
580 289
581 259
581 260
581 261
581 262
581 263
581 264
581 265
581 266
581 267
581 268
581 269
581 270
581 271
581 272
581 273
581 274
581 275
581 276
581 277
581 278
581 279
581 280
581 281
581 282
581 283
581 284
581 285
581 286
581 294
582 259
582 260
582 261
582 262
582 263
582 264
582 265
582 266
582 267
582 268
582 269
582 270
582 271
582 272
582 273
582 274
582 275
582 276
582 277
582 278
582 279
582 280
582 281
582 282
582 283
582 284
582 285
582 286
582 287
582 288
583 259
583 260
583 261
583 262
583 263
583 264
583 265
583 266
583 267
583 268
583 269
583 270
583 271
583 272
583 273
583 274
583 275
583 276
583 277
583 278
583 279
583 280
583 281
583 282
583 283
583 284
583 285
583 286
583 287
583 288
584 259
584 260
584 261
584 262
584 263
584 264
584 265
584 266
584 267
584 268
584 269
584 270
584 271
584 272
584 273
584 274
584 275
584 276
584 277
584 278
584 279
584 280
584 281
584 282
584 283
584 284
584 285
584 286
584 287
584 288
584 290
584 291
584 293
585 259
585 260
585 261
585 262
585 263
585 264
585 265
585 266
585 267
585 268
585 269
585 270
585 271
585 272
585 273
585 274
585 275
585 276
585 277
585 278
585 279
585 280
585 281
585 282
585 283
585 284
585 285
585 286
585 287
585 288
585 289
585 291
586 259
586 260
586 261
586 262
586 263
586 264
586 265
586 266
586 267
586 268
586 269
586 270
586 271
586 272
586 273
586 274
586 275
586 276
586 277
586 278
586 279
586 280
586 281
586 282
586 283
586 284
586 285
586 286
586 287
586 288
586 289
586 290
586 291
587 259
587 260
587 261
587 262
587 263
587 264
587 265
587 266
587 267
587 268
587 269
587 270
587 271
587 272
587 273
587 274
587 275
587 276
587 277
587 278
587 279
587 280
587 281
587 282
587 283
587 284
587 285
587 286
587 287
587 288
587 289
587 290
587 291
588 259
588 260
588 261
588 262
588 263
588 264
588 265
588 266
588 267
588 268
588 269
588 270
588 271
588 272
588 273
588 274
588 275
588 276
588 277
588 278
588 279
588 280
588 281
588 282
588 283
588 284
588 285
588 286
588 287
588 288
588 289
589 259
589 260
589 261
589 262
589 263
589 264
589 265
589 266
589 267
589 268
589 269
589 270
589 271
589 272
589 273
589 274
589 275
589 276
589 277
589 278
589 279
589 280
589 281
589 282
589 283
589 284
589 285
589 286
589 287
589 288
589 289
589 290
589 291
589 292
589 295
589 296
590 259
590 260
590 261
590 262
590 263
590 264
590 265
590 266
590 267
590 268
590 269
590 270
590 271
590 272
590 273
590 274
590 275
590 276
590 277
590 278
590 279
590 280
590 281
590 282
590 283
590 284
590 285
590 286
590 287
590 288
590 289
590 290
590 291
590 292
590 293
590 294
590 295
590 296
591 259
591 260
591 261
591 262
591 263
591 264
591 265
591 266
591 267
591 268
591 269
591 270
591 271
591 272
591 273
591 274
591 275
591 276
591 277
591 278
591 279
591 280
591 281
591 282
591 283
591 284
591 285
591 286
591 287
591 288
591 289
591 290
591 291
591 292
591 293
591 294
591 295
591 296
591 297
592 259
592 260
592 261
592 262
592 263
592 264
592 265
592 266
592 267
592 268
592 269
592 270
592 271
592 272
592 273
592 274
592 275
592 276
592 277
592 278
592 279
592 280
592 281
592 282
592 283
592 284
592 285
592 286
592 287
592 288
592 289
592 290
592 291
592 292
592 293
592 294
592 295
592 296
592 297
592 298
593 259
593 260
593 261
593 262
593 263
593 264
593 265
593 266
593 267
593 268
593 269
593 270
593 271
593 272
593 273
593 274
593 275
593 276
593 277
593 278
593 279
593 280
593 281
593 282
593 283
593 284
593 285
593 286
593 287
593 288
593 289
593 290
593 291
593 292
593 293
593 294
593 295
593 296
593 297
593 298
594 259
594 260
594 261
594 262
594 263
594 264
594 265
594 266
594 267
594 268
594 269
594 270
594 271
594 272
594 273
594 274
594 275
594 276
594 277
594 278
594 279
594 280
594 281
594 282
594 283
594 284
594 285
594 286
594 287
594 288
594 289
594 290
594 291
594 292
594 293
594 294
594 295
594 296
594 297
594 298
594 301
594 302
595 259
595 260
595 261
595 262
595 263
595 264
595 265
595 266
595 267
595 268
595 269
595 270
595 271
595 272
595 273
595 274
595 275
595 276
595 277
595 278
595 279
595 280
595 281
595 282
595 283
595 284
595 285
595 286
595 287
595 288
595 289
595 290
595 291
595 292
595 293
595 294
595 295
595 296
595 297
595 298
595 299
595 300
595 301
595 302
596 259
596 260
596 261
596 262
596 263
596 264
596 265
596 266
596 267
596 268
596 269
596 270
596 271
596 272
596 273
596 274
596 275
596 276
596 277
596 278
596 279
596 280
596 281
596 282
596 283
596 284
596 285
596 286
596 287
596 288
596 289
596 290
596 291
596 292
596 293
596 294
596 295
596 296
596 298
596 299
596 300
596 301
